-47  +1  1+2  +3  3    +5  +3    -5    2    5
-37  +1  -7+2  +3  3    +5  +3    -6+2  +3  1+1  +2  37  +1  5
-47  +1  1+2  +3  3    +5  +3    -5    2    5
-37  +1  -7+2  +3  3    +5  +3    -63+2  +3  +1  +2  -527  +1  5

-47  +1  1+2  +3  3    1+5  +3  -5    2    5    2
-37  +1  -7+2  +3  3    -7+5  +3    -6+2  +3  1+1  +2  37  +1  5
-47  +1  1+2  +3  3    1+5  +3  -5    2    5
-63+2+6  +3  +2  6    3  -6  2  3  -6



-12    -3  1  -52    -2  1  -32    3    5    3    -12    -5  1  -22    -3  1  -52    3  2  1    -6
-32    -2  1  -32    -5  1  -62    3    5    3
-42    -2  3  -42    -51  2    -62


-22    -4  1  -62    -4  1    -52    -23    -45    3    -62    -2  3  -32    -51    -6

3  2  1  2  -41    -1    -23  2  1  2  -51    -2
-43  2  1  2  -1    -51    -2    -3    -61  2    -513 1
-46    15  6  3    1    -57    26  7  5    2
-37    -56  7  -7  3  -5    -6+1    +2  1+1  7  36  15
-46    15  6  3    5  16  5    -56  -75  12  -75
-1    -53    -2    -3    -61  2    -513  1
-46    15  6  3    1    -57    26  7  5    2
-37    -56  7  -7  3  -5    -6+1    +2  1+1  7  36  15
-46    1+3  +3    3  5  1    -56    -7+3  +3    2  5  -7  6
-3-66    -3    -6-7    -3    -61
+1    +2    -4+1+3    1+6  +5  3    1+6  +5  -5    2+6  +5  5  +2  2
-3+3    -7+6  +5  3    -7+6  +5  -6    3+6  +5  6  +3  3    +2
-4+2    1+1  6  3    1  +1    -5+2    2+1  6  5  +1  2
-1+1+3    -5    1    +4  2+3  +2    3+3  +2    -5+1    +2
-4+1+3    1+6  +5  3    1+6  +5  -5    2+6  +5  5  +2  2
-3+3    -7+6  +5  3    -7+6  +5  -6    3+6  +5  6  +3  3    +2
-4+2    1+1  6  3  +3  1    +2  -5+2    2+1  6  5  +1  2
-6+1    -3    -6    -7    1
6    +2    -41+2    +1  6    +3    -52+2    +1  6    +1    +1


(-47)  +1  (1+2)  +3  3    (1+5)  +3  -5    2    5    2
(-37)  +1  (-7+2)  +3  3    (-7+5)  +3    (-6+2)  +3  (1+1)  +2  (37)  +1  5
(-47)  +1  (1+2)  +3  3    (1+5)  +3  -5    2    5
(-63+2+6)  +3  +2  6    3  -6  2  3  -6




-12    -3  1  -52    -2  1  -32    3    5    3    -12    -5  1  -22    -3  1  -52    3  2  1    -6
-32    -2  1  -32    -5  1  -62    3    5    3
-42    -2  3  -42    -51  2    -62


-22    -4  1  -62    -4  1    -52    -23    -45    3    -62    -2  3  -32    -51    -6

3  2  1  2  -41    -1    -23  2  1  2  -51    -2
-43  2  1  2  -1    -51    -2    -3    -61  2    -513 1
-46    15  6  3    1    -57    26  7  5    2
-37    -56  7  -7  3  -5    -6+1    +2  1+1  7  36  15
-46    15  6  3    5  16  5    -56  -75  12  -75
-1    -53    -2    -3    -61  2    -513  1
-46    15  6  3    1    -57    26  7  5    2
-37    -56  7  -7  3  -5    -6+1    +2  1+1  7  36  15
-46    1+3  +3    3  5  1    -56    -7+3  +3    2  5  -7  6
-3-66    -3    -6-7    -3    -61
+1    +2    -4+1+3    1+6  +5  3    1+6  +5  -5    2+6  +5  5  +2  2
-3+3    -7+6  +5  3    -7+6  +5  -6    3+6  +5  6  +3  3    +2
-4+2    1+1  6  3    1  +1    -5+2    2+1  6  5  +1  2
-1+1+3    -5    1    +4  2+3  +2    3+3  +2    -5+1    +2
-4+1+3    1+6  +5  3    1+6  +5  -5    2+6  +5  5  +2  2
-3+3    -7+6  +5  3    -7+6  +5  -6    3+6  +5  6  +3  3    +2
-4+2    1+1  6  3  +3  1    +2  -5+2    2+1  6  5  +1  2
-6+1    -3    -6    -7    1
6    +2    -41+2    +1  6    +3    -52+2    +1  6    +1    +1


(-47)  +1  (1+2)  +3  3    (1+5)  +3  -5    2    5    2
(-37)  +1  (-7+2)  +3  3    (-7+5)  +3    (-6+2)  +3  (1+1)  +2  (37)  +1  5
(-47)  +1  (1+2)  +3  3    (1+5)  +3  -5    2    5
(-63+2+6)  +3  +2  6    3  -6  2  3  -6


